2 20
    1   25.5860  22.6092  1.7696     1
    1   25.2557  25.0312  0.0556     2
    1   25.2480  20.4526  1.5829     1
    1   25.9939  24.7553  0.0180     2
    1   25.0530  23.2365  1.6903     1
    1   25.1860  22.6092  1.7696     1
    1   25.8557  22.0312  0.0556     2
    1   26.2480  21.2526  1.5829     1
    1   25.9659  23.7553  0.0180     2
    1   25.7740  24.2365  1.6903     1
    2   20.6989  20.4926  -0.1637     1
    2   20.4768  19.1724  -0.1196     1
    2   21.8744  21.6723  -0.0026     2
    2   20.8205  20.6840  -1.1000     1
    2   22.0489  19.9184  -0.0139     2
    2   20.6989  20.4926  0.1637     1
    2   20.4768  19.1724  0.1196     1
    2   21.8744  21.6723  0.0026     2
    2   20.8205  20.6840  1.0200     1
    2   22.0489  19.9184  0.0139     2


