 179.0 513.0 140.0 103.0
 279.0 795.0 0.0 190.0
 611.0 13.0 21.0 0.0
 226.0 101.0 26.0 0.0
 516.0 49.0 37.0 0.0
 113.0 108.0 0.0 187.0
 537.0 41.0 0.0 221.0
 26.0 55.0 0.0 0.0
 142.0 345.0 0.0 0.0
 587.0 23.0 41.0 5.0
 55.0 75.0 142.0 0.0
 322.0 3.0 62.0 0.0
 77.0 27.0 0.0 6.0
 345.0 163.0 38.0 0.0
 308.0 412.0 1.0 10.0
 195.0 228.0 6.0 173.0
 125.0 324.0 3.0 196.0
 0.0 8.0 0.0 0.0
 221.0 310.0 1.0 127.0
 179.0 24.0 0.0 0.0
 38.0 541.0 0.0 2.0
 73.0 316.0 0.0 149.0
 108.0 110.0 0.0 157.0
 34.0 119.0 31.0 0.0
 20.0 232.0 3.0 250.0
 46.0 183.0 2.0 18.0
 36.0 0.0 87.0 0.0
 345.0 82.0 88.0 25.0
 123.0 168.0 45.0 0.0
 152.0 9.0 29.0 0.0
 265.0 171.0 0.0 0.0
 228.0 45.0 100.0 0.0
 33.0 74.0 0.0 163.0
 322.0 0.0 27.0 0.0
 2.0 336.0 22.0 9.0
 171.0 4.0 46.0 0.0
 138.0 34.0 6.0 25.0
 22.0 123.0 2.0 0.0
 75.0 59.0 74.0 0.0
 93.0 211.0 8.0 61.0
 98.0 303.0 38.0 303.0
 27.0 0.0 111.0 0.0
 45.0 100.0 0.0 58.0
 402.0 201.0 26.0 47.0
 35.0 29.0 2.0 0.0
 150.0 157.0 0.0 43.0
 0.0 87.0 0.0 27.0
 58.0 307.0 78.0 17.0
 220.0 100.0 3.0 15.0
 139.0 179.0 0.0 0.0
 15.0 310.0 0.0 279.0
 419.0 0.0 36.0 0.0
 170.0 30.0 33.0 0.0
 44.0 210.0 0.0 44.0
 0.0 404.0 2.0 404.0
 108.0 1.0 4.0 0.0
 252.0 0.0 31.0 0.0
 46.0 140.0 0.0 254.0
 0.0 285.0 0.0 361.0
 6.0 85.0 0.0 54.0
 157.0 149.0 1.0 150.0
 220.0 100.0 3.0 15.0
 419.0 0.0 36.0 0.0
 139.0 179.0 0.0 0.0
 